2.1178332679933673e-05 0.9999788216673201
1.0 0.0
0.9999999999996022 3.977841831782684e-13
8.643551054505132e-11 0.9999999999135646
0.0 1.0
1.0 0.0
0.0 1.0
0.0 1.0
2.158915901698239e-05 0.9999784108409829
0.0 1.0
0.9999984672072071 1.5327927929658607e-06
0.9999992870380814 7.129619186196831e-07
2.0252725611293946e-12 0.9999999999979747
0.9997967065294796 0.00020329347052045003
1.0 0.0
1.0 0.0
0.030388114451116593 0.9696118855488834
0.9999999990399553 9.600447323880956e-10
1.0 0.0
1.0 0.0
0.1639635164799773 0.8360364835200228
0.9999999899213607 1.0078639310643516e-08
0.0 1.0
1.0 0.0
9.730852823307545e-08 0.9999999026914718
0.0 1.0
1.0 0.0
1.0 0.0
1.1172034518189685e-08 0.9999999888279655
0.8859410713833211 0.11405892861667881
0.0 1.0
0.7224540103132351 0.27754598968676486
0.9999999999971362 2.8637808408818732e-12
0.0 1.0
0.0 1.0
1.0 0.0
0.0 1.0
0.0 1.0
0.0 1.0
0.999998730008385 1.269991615103675e-06
0.0 1.0
0.0 1.0
0.0 1.0
0.11496279713851945 0.8850372028614806
0.0 1.0
0.0 1.0
1.0 0.0
1.0 0.0
0.9999999999985474 1.4526115888832371e-12
1.0 0.0
1.0 0.0
1.0 0.0
1.0 0.0
1.0 0.0
0.9999999797705753 2.0229424698593995e-08
0.20326862130868575 0.7967313786913142
0.9999999999525574 4.7442504604304795e-11
0.0 1.0
0.0 1.0
0.315406911191916 0.6845930888080839
