1.0 0.0 0.0 0.0 0.0 0.0
1.0 0.0 0.0 0.0 0.0 0.0
1.0 0.0 0.0 0.0 0.0 0.0
0.9999999999859972 0.0 0.0 0.0 0.0 1.4002717955135957e-11
0.0 0.0 0.0 0.0 0.0 1.0
0.0 0.0 0.0 0.0 1.0 0.0
0.0 0.0 0.0 0.0 1.0 0.0
0.0 0.00810907499851204 9.849084377733418e-12 0.0 0.5516174149834071 0.4402735100082317
0.0 0.9999217939809114 0.0 0.0 1.4703246340028032e-09 7.82045487639426e-05
0.0 1.0 0.0 0.0 0.0 0.0
0.0 0.0 0.0 0.9999999999223772 0.0 7.762270336782203e-11
1.5444503346622654e-11 0.0 0.9999999998617599 0.0 1.2279550768225948e-10 0.0
0.0 0.0 0.0 0.0 1.0 0.0
8.176117148541216e-12 0.0 3.908810149886223e-06 0.0 0.9999954923290856 5.988525884176021e-07
5.7617828620178874e-08 4.675729254928383e-06 0.004040545109628605 0.0 1.9593144809923413e-08 0.995954701950143
0.0 0.0 0.0 0.0 1.0 0.0
0.0 0.0 0.9996508207456235 0.0 0.0003491792543765661 0.0
0.9999993133114781 0.0 5.766372500099413e-07 1.876241472329415e-10 1.0986364780173615e-07 0.0
0.0 0.0 0.0 0.0 1.0 0.0
1.6047905157620525e-10 0.9999999998364609 0.0 0.0 3.060048535314248e-12 0.0
7.038754895395681e-07 0.0 0.9999992961245104 0.0 0.0 0.0
1.0 0.0 0.0 0.0 0.0 0.0
0.0 0.0 0.0 0.0 1.0 0.0
0.0 0.0 0.0 0.0 0.0 1.0
1.1968309918236822e-06 0.0 0.9999988031690082 0.0 0.0 0.0
1.0 0.0 0.0 0.0 0.0 0.0
0.0 0.0 1.0 0.0 0.0 0.0
0.0 0.0 1.0 0.0 0.0 0.0
0.5559343537740538 0.0 0.0 0.44406564622594624 0.0 0.0
0.9999999877816693 1.4857076053921067e-11 1.2203473501845523e-08 0.0 0.0 0.0
0.0 0.0 0.0 1.0 0.0 0.0
0.0 0.9999978984832756 0.0 0.0 0.0 2.101516724366429e-06
0.0 1.0 0.0 0.0 0.0 0.0
0.0 0.0 1.0 0.0 0.0 0.0
0.0 0.0 1.0 0.0 0.0 0.0
0.0 1.0 0.0 0.0 0.0 0.0
0.9907425653164 1.3442631005029723e-11 9.531169155525822e-05 0.0 0.009162122978601998 0.0
0.0 0.0 0.0 1.0 0.0 0.0
0.0 0.0 0.0 0.0 0.0 1.0
0.0 0.0 0.0 1.0 0.0 0.0
0.0 1.0 0.0 0.0 0.0 0.0
0.0 0.0 0.0 0.0 0.0 1.0
0.0 0.0 0.0 0.7993890563041357 0.0 0.2006109436958643
0.0 0.0 0.9999999996546645 5.343417501401944e-13 0.0 3.448011869604036e-10
0.0 0.0 0.0 0.0 1.7734561044130215e-10 0.9999999998226544
0.0 0.0 0.9999047852194392 0.0 0.0 9.521478056086863e-05
0.0 0.0 1.0 0.0 0.0 0.0
0.0 0.0 0.0 1.0 0.0 0.0
0.0 0.0 1.0 0.0 0.0 0.0
0.0 0.0 1.114156178985538e-11 0.9999999999888584 0.0 0.0
0.0 0.0 0.0 0.0 0.0 1.0
0.0 1.0 0.0 0.0 0.0 0.0
0.0 0.0 0.0 1.0 0.0 0.0
0.0 0.0 0.0 0.0 1.0 0.0
0.5466627868725424 0.45333082799186125 3.702578859012747e-08 0.0 5.635404750833724e-13 6.348109244242347e-06
0.0 0.0 8.401895276253096e-08 0.0 0.0 0.9999999159810472
0.0 0.00042496203001735164 0.9995750375506403 0.0 0.0 4.193424451539844e-10
0.0 1.0 0.0 0.0 0.0 0.0
0.0 0.0 0.0 1.0 0.0 0.0
0.0 0.5937496580645794 0.4062502091143042 2.943014204941983e-11 0.0 1.3279168626422376e-07
